# Created by Octave 5.2.0, Tue Sep 21 13:44:52 2021 CEST <fragilro@alumno.upv.es@ldsic-vdi15.upvnet.upv.es>
# name: w
# type: matrix
# rows: 3
# columns: 2
 130 -130
 -14.29 14.29
 -126.7 126.7


