# Created by Octave 5.2.0, Wed Sep 29 18:19:00 2021 CEST <fragilro@alumno.upv.es@ldsic-vdi01.upvnet.upv.es>
# name: w
# type: matrix
# rows: 101
# columns: 20
 -1.846e+05 -1.845e+05 -1.846e+05 -1.844e+05 -1.845e+05 -1.846e+05 -1.847e+05 -1.847e+05 -1.848e+05 -1.846e+05 -1.847e+05 -1.847e+05 -1.844e+05 -1.845e+05 -1.846e+05 -1.844e+05 -1.846e+05 -1.847e+05 -1.846e+05 -1.847e+05
 -1.456e+04 -1.446e+04 -1.445e+04 -1.446e+04 -1.444e+04 -1.444e+04 -1.442e+04 -1.447e+04 -1.445e+04 -1.447e+04 -1.445e+04 -1.436e+04 -1.451e+04 -1.456e+04 -1.441e+04 -1.449e+04 -1.426e+04 -1.446e+04 -1.422e+04 -1.448e+04
 -2815 -2803 -2728 -2753 -2788 -2678 -2673 -2697 -2681 -2660 -2701 -2229 -2677 -2797 -2791 -2707 -2658 -2565 -2819 -2802
 -3701 -3561 -3543 -3494 -3581 -3566 -3588 -3711 -3538 -3609 -3569 -3594 -3526 -3613 -3488 -3559 -2867 -3659 -3364 -3574
 -761.2 -698.8 -710.4 -710.5 -697.1 -676.3 -656.7 -730.4 -673.8 -715.7 -671.6 -727.2 -767.2 -778.6 -705.1 -727 -831.7 -29.4 -307.5 -624.6
 -1.269e+04 -1.273e+04 -1.274e+04 -1.274e+04 -1.273e+04 -1.274e+04 -1.273e+04 -1.267e+04 -1.272e+04 -1.273e+04 -1.275e+04 -1.263e+04 -1.264e+04 -1.279e+04 -1.275e+04 -1.274e+04 -1.267e+04 -1.272e+04 -1.263e+04 -1.269e+04
 -6514 -6596 -6661 -6603 -6614 -6571 -6403 -6614 -6503 -6161 -6076 -6609 -6578 -6673 -6628 -6690 -6604 -6576 -6617 -6530
 -890.4 -804.6 -786 -793.5 -799.2 -776.6 -768.7 -805.7 -718.8 -913.6 -828.6 -775.7 -810.2 -807.1 -786.1 -730.8 -934.9 289.2 -566.8 -649.5
 -715.5 -642.2 -651 -716 -750.3 -640.6 -578.5 -638.8 -644.5 -644.4 -628 662.7 -937.5 -717.6 -352.8 -699.5 -721.9 -655.6 -965.1 -688.2
 -4418 -4395 -4336 -4376 -4312 -4377 -4165 -4348 -4339 -4071 -4182 -4331 -4313 -4364 -4346 -4389 -4371 -4326 -4443 -4378
 -319.7 -319.8 -301.7 -359.1 -362.5 -359 -297.2 -335.1 -314 -339.6 -313 269.5 -432.3 -311.4 -337.5 -314 -226.2 -324.2 -321.7 -369.5
 -6198 -6112 -6115 -6114 -6132 -6093 -6075 -6117 -6083 -6126 -6093 -6084 -6186 -6222 -6116 -6206 -5677 -6092 -6092 -5925
 -2164 -2087 -2143 -2166 -2179 -2121 -1920 -2182 -2115 -1744 -1646 -2108 -1931 -2193 -2233 -2144 -2133 -2119 -2155 -2127
 -1005 -631.1 -1190 -1091 -925.7 476.6 -847 -843 -821.8 -873.7 -815.6 -887 -989.7 -871.4 -924 -1042 -844.2 -873.2 -1032 -740.6
 -2465 -2595 -2514 -2019 -2216 -2553 -2304 -2479 -2454 -2442 -2464 -2446 -2548 -2512 -2458 -2461 -2474 -2460 -2502 -2490
 -6248 -6292 -6299 -6321 -6319 -6304 -6290 -6309 -6309 -6297 -6292 -6328 -6336 -6364 -6324 -6472 -6353 -6330 -6222 -6095
 -7076 -7147 -7149 -7167 -7156 -7120 -7086 -7078 -7106 -7138 -7076 -7057 -7196 -7156 -7143 -7126 -7038 -7015 -6894 -7055
 -3533 -3459 -3470 -3498 -3491 -3419 -3405 -3434 -3357 -3453 -3377 -3424 -3466 -3485 -3447 -3494 -2977 -3423 -3396 -3191
 -4331 -4270 -4274 -4273 -4317 -4253 -4253 -4276 -4281 -4347 -4238 -4301 -4278 -4303 -4301 -4309 -4346 -3836 -4200 -4228
 -1.792e+04 -1.801e+04 -1.8e+04 -1.801e+04 -1.802e+04 -1.8e+04 -1.801e+04 -1.801e+04 -1.802e+04 -1.801e+04 -1.802e+04 -1.803e+04 -1.8e+04 -1.793e+04 -1.804e+04 -1.805e+04 -1.811e+04 -1.801e+04 -1.793e+04 -1.784e+04
 -9040 -9168 -9161 -9176 -9183 -9158 -9158 -9175 -9170 -9196 -9163 -9147 -9187 -9201 -9164 -9172 -9134 -9215 -9213 -9057
 -9485 -9400 -9394 -9391 -9426 -9402 -9374 -9370 -9360 -9420 -9403 -9392 -9426 -9326 -9397 -9346 -9282 -9363 -9265 -9335
 -7426 -7535 -7492 -7717 -6704 -7558 -7391 -7475 -7411 -7521 -7403 -7368 -7464 -7392 -7475 -7566 -7580 -7473 -7564 -7096
 -6988 -7187 -7213 -7222 -7236 -7229 -7196 -7224 -7216 -7227 -7208 -7253 -7153 -7284 -6892 -7281 -7253 -7180 -7326 -7052
 -1.604e+04 -1.584e+04 -1.601e+04 -1.585e+04 -1.589e+04 -1.588e+04 -1.591e+04 -1.6e+04 -1.599e+04 -1.599e+04 -1.602e+04 -1.602e+04 -1.585e+04 -1.596e+04 -1.588e+04 -1.597e+04 -1.599e+04 -1.597e+04 -1.604e+04 -1.602e+04
 -1810 -1742 -1726 -1401 -1795 -1725 -1684 -1664 -1665 -1192 -1255 -1710 -1724 -1769 -1637 -1773 -1680 -1688 -1722 -1759
 -1471 -1414 -1415 -1429 -1488 -1368 -1285 -1350 -1361 -511.3 -528 -1326 -1484 -1417 -1384 -1403 -1443 -1379 -1538 -1463
 -1.662e+04 -1.656e+04 -1.657e+04 -1.659e+04 -1.661e+04 -1.656e+04 -1.663e+04 -1.663e+04 -1.659e+04 -1.665e+04 -1.663e+04 -1.658e+04 -1.641e+04 -1.653e+04 -1.659e+04 -1.66e+04 -1.664e+04 -1.658e+04 -1.661e+04 -1.658e+04
 -6407 -6576 -6579 -6563 -6585 -6558 -6544 -6560 -6527 -6561 -6524 -6573 -6558 -6596 -6567 -6300 -6594 -6538 -6725 -6225
 -1.233e+04 -1.228e+04 -1.222e+04 -1.184e+04 -1.244e+04 -1.219e+04 -1.223e+04 -1.229e+04 -1.227e+04 -1.231e+04 -1.228e+04 -1.232e+04 -1.213e+04 -1.227e+04 -1.227e+04 -1.232e+04 -1.23e+04 -1.229e+04 -1.229e+04 -1.229e+04
 -1.696e+04 -1.689e+04 -1.695e+04 -1.691e+04 -1.688e+04 -1.683e+04 -1.685e+04 -1.68e+04 -1.685e+04 -1.658e+04 -1.683e+04 -1.688e+04 -1.693e+04 -1.67e+04 -1.679e+04 -1.686e+04 -1.684e+04 -1.685e+04 -1.688e+04 -1.697e+04
 -3317 -3234 -3225 -3238 -3200 -3236 -3212 -3281 -3171 -3174 -3187 -3254 -3324 -3315 -3233 -3421 -2559 -3046 -3249 -3122
 -2966 -2960 -2983 -3022 -2973 -2962 -2838 -2902 -2843 -2297 -2310 -2886 -3096 -2986 -2816 -2988 -2907 -2865 -3043 -2835
 -2537 -2362 -2341 -2335 -2370 -2290 -2253 -2286 -2256 -2310 -2251 -2313 -2381 -2328 -2376 -1760 -2354 -2446 -2480 -1935
 -7169 -7104 -7103 -7101 -7109 -7110 -7092 -7102 -7108 -7124 -7092 -7128 -7030 -7069 -7117 -7051 -6862 -7114 -7078 -7055
 -1412 -1350 -1301 -1379 -1323 -1264 -1120 -1229 -1165 -244.4 -1091 -1242 -1420 -1346 -1278 -1360 -1316 -1181 -1456 -1260
 -1856 -2090 -2113 -2282 -1738 -2073 -454.6 -1781 -1804 -1827 -1810 -2116 -1915 -1648 -1971 -1821 -1815 -1785 -1799 -1802
 -3090 -3269 -3199 -3200 -3154 -2812 -3133 -2844 -3089 -3088 -3057 -2724 -3158 -3092 -3157 -3106 -3083 -3084 -3076 -3111
 -367.4 -265.4 -263.5 -277.1 -271.2 -252.9 -238.5 -444.2 -245.8 -261.2 -240 -260.8 -287.6 -290.3 -261.1 -302.1 -292.1 382.3 -126 -278.9
 -211.7 -216.4 -218.1 -240 -237 -227.5 -191.3 -220.5 -176.3 -860 873.8 -190 -255.2 -246.3 -234.4 -251.8 -243 -189.2 -197 -183.6
 -6732 -6678 -6805 -6737 -6722 -6568 -6767 -6790 -6810 -6831 -6762 -6790 -6680 -6619 -6019 -6827 -6795 -6807 -6768 -6973
 -1668 -1590 -1554 -1531 -1574 -1533 -1489 -1504 -1468 -840.4 -921.1 -1533 -1562 -1490 -1373 -1574 -1577 -1514 -1769 -1598
 -9009 -9023 -9016 -9040 -9017 -9015 -8778 -8064 -8828 -9043 -8950 -8993 -8661 -9072 -9047 -9067 -9028 -8962 -9005 -8961
 -2.691e+04 -2.705e+04 -2.706e+04 -2.705e+04 -2.705e+04 -2.704e+04 -2.703e+04 -2.705e+04 -2.703e+04 -2.705e+04 -2.704e+04 -2.705e+04 -2.708e+04 -2.706e+04 -2.708e+04 -2.692e+04 -2.706e+04 -2.705e+04 -2.707e+04 -2.699e+04
 -4640 -4663 -4672 -4683 -4666 -4675 -4671 -4722 -4660 -4724 -4660 -4674 -4666 -4780 -4690 -4334 -4705 -4667 -4580 -4667
 -6262 -6123 -6128 -6204 -6127 -6209 -6199 -6137 -6190 -6011 -5832 -6189 -6087 -6080 -6207 -6124 -6338 -6171 -6064 -6121
 -957.8 -1070 -955.6 -960.2 -984.5 -943.7 -935.4 -872.9 -852.4 -901.1 -847.3 286.6 -966.3 -927.4 -969 -914.6 -649 -861.5 -978.4 -937.7
 -1.43e+05 -1.432e+05 -1.431e+05 -1.432e+05 -1.432e+05 -1.431e+05 -1.432e+05 -1.431e+05 -1.431e+05 -1.431e+05 -1.431e+05 -1.431e+05 -1.431e+05 -1.432e+05 -1.431e+05 -1.432e+05 -1.431e+05 -1.431e+05 -1.43e+05 -1.43e+05
 72.9 -949.9 -942.7 -984.8 -997.2 -881.2 -851.7 -1044 -885 -994.2 -874 -969.7 -1168 -1253 -1165 -1104 -1060 -952.1 -1614 -16.8
 -761.8 -954.9 -934 -969.4 -916.7 -899.5 -839.3 -881.8 -858 -941 -823.9 -887.1 -987.9 -970.1 280 -983.2 -934 -856 -1034 -976.5
 -3443 -3367 -3341 -3320 -3437 -3335 -3335 -3308 -3319 -3403 -3366 -3355 -3359 -3385 -3401 -3034 -3391 -3352 -3409 -3085
 -571.9 -454.7 -439.9 -462.3 -447.5 -447.4 -445.1 -430.5 -451.5 -497 -449.7 -476.7 -479.8 -482.5 -528.4 -508.7 -520.2 222 -417.9 -482.4
 -677.3 -308.3 -270.8 -280.9 -323.4 -241 -233.2 -221.6 -210.4 -261 -222.4 -234.8 -283.6 -321.5 -324.1 1121 -282.1 -271.2 -354.7 -714.1
 -7448 -7816 -7824 -7818 -7792 -7819 -7788 -7807 -7794 -7825 -7789 -7827 -7812 -7881 -7843 -7867 -7779 -7785 -7889 -7610
 -1881 -1595 -1605 -1575 -1614 -1469 -1491 -1533 -1508 -1580 -1510 -1611 -1654 -1750 -1515 -1104 -1648 -1583 -1750 -1316
