# Created by Octave 5.2.0, Mon Sep 20 11:17:05 2021 CEST <fragilro@alumno.upv.es@ldsic-vdi15.upvnet.upv.es>
# name: w
# type: matrix
# rows: 197
# columns: 10
 -495 -319 -308 -495 -418 -187 -297 -341 -660 -473
 0 0 0 0 0 0 0 0 0 0
 0 0 0 0 0 0 0 0 0 0
 0 0 -33 0 -11 55 0 -22 -11 -33
 -11 -35.64 -44.77 -44 -58.41 -1.87 -28.82 82.28 -29.59 -44.77
 -12.69 -41.55 28.82 -27.05 2.42 -20.35 -20.35 94.05 -33 -11
 -66 -121 -24.23 8.58 96.47 -116.8 -55 116.7 107.5 -99.88
 -0.99 -82.06 -17.71 26.18 -71.06 -174.1 -134.5 -139.4 121 93.17
 -69.43 -66.96 -155.3 -83.31 -112.4 -179.6 -26.93 -209.1 35.21 124.4
 -146.1 -41.58 -192.8 -194.8 -283.5 -162.4 -52.58 -394.4 35.01 54.1
 -125.4 -80.41 2.09 -102 -217.6 -198.3 -127.7 -35.53 -105.1 54.45
 -171.9 -63.47 -110.5 -142.4 -3.597 -106 -83.68 -84.74 -190.9 -89.58
 -127.9 35.86 -96.58 -50.93 -16.39 28.05 -56.54 -11.55 -97.57 -85.69
 -48.21 58.52 -98.12 -136.2 22.66 165.9 -77 -44 -55 -16.06
 0 0 0 0 0 0 0 0 0 0
 0 0 0 0 0 0 0 6.82 0 -6.82
 -0.0187 0 -0.0374 -0.3971 0 0 0 0.3784 0.0374 0
 -18.53 -27.94 6.512 -98.22 -33.05 22.01 -32.7 119.2 -39.43 -33
 -101 -87.43 -100.2 4.015 -68.31 -70.17 -64.9 126.2 -83.83 -58.25
 -95.4 -182.1 -84.59 -129.9 -68.83 -48.35 -214.1 47.79 -76.17 -205.1
 -163.3 -308.5 -245.5 -50.82 -212.5 -201.6 -258.4 159.8 -188.9 -188.5
 -206 -389.5 -238.6 -132.8 -273.4 -285.8 -352.6 -56.12 -235.9 -59.4
 -284.8 -382.8 -141.8 -136.5 -515.7 -323.9 -399.5 -110.4 -264.6 -14.37
 -219.1 -361.8 -320.1 -256.2 -640.1 -431.4 -306.4 -148.2 -245.2 13.91
 -312 -336.1 -267.6 -302.5 -463.6 -317 -330.7 -154.5 -107.9 -94.43
 -280.5 -243.1 -357.1 -323.9 -139.6 -290.8 -256.3 53.02 -162.3 -359.6
 -198.7 -128.4 -326.3 -137.6 -61.42 -81.84 -286.8 -10.32 -308.8 -280.7
 -106.6 -37.28 -188.9 -87.39 0.11 228.1 -165.2 -98.86 -143.4 -105.6
 -6.82 -11.88 -3.41 -67.47 -15.51 69.34 -6.82 4.18 -6.82 -14.41
 -11 -11 0 22 0 0 0 0 0 0
 -29.59 -11 29.61 14.41 0 -11 -11 -0.2992 -18.56 0.2475
 -28.62 -42.96 11.84 -73.43 -70 -18.31 -25.35 95.89 -8.383 -87.45
 -99.08 -200.3 -48.18 -144.7 -133.2 -35.55 -185.8 35.5 -42.4 -186.5
 -173.1 -311.8 -120.7 -56.31 -155.1 -255.1 -301.7 18.75 -166 -110.8
 -158.9 -346.9 -116.6 -178 -250.8 -228.7 -235.3 -36.52 -114.8 -70.72
 -124.6 -299.9 -176.3 -221.9 -185.8 -186.8 -255.2 84.72 -96.7 -205.5
 -136.7 -181.3 -179.3 -112.4 -339.8 -167.6 -171.3 22.84 -211.5 -219.7
 -51.01 -64.83 -119.6 -42.92 -368.8 -200.4 -255.1 -9.333 -236.2 -293
 -107.8 -207.5 -191.1 -285.2 -182.2 -213.2 -304.3 -142.5 -170.2 -272
 -232.7 -221.3 -233 -264.2 -118.4 -233.6 -324.7 -113.9 -231.5 -289.8
 -159.3 -126.9 -278.4 60.55 -139.5 -244 -277.9 -28.47 -121.3 -180.2
 -62.14 -72.78 -83.4 36.2 -187.9 -3.894 -169.1 -85.47 -25.08 -8.709
 -82.17 -18.26 -16.72 44.66 -7.04 41.91 -35.75 -32.34 24.97 -61.16
 0 0 44 0 0 0 0 0 -44 0
 -14.65 -3.96 22.12 -6.278 -0.00253 -0.099 -1.65 -15.18 -17.26 15.18
 -54.9 -116.3 -45.32 -276.2 -98.9 64.73 -95.47 -35.8 0.22 -167.2
 -87.66 -201.4 -21.8 -314 -158.4 -21.02 -191.5 -137.6 -151.7 -44
 -165.3 -273.2 -135.9 -136.1 -66.02 -78.55 -228.9 -72.57 -243.8 -77.34
 -36.03 -265.3 -84.51 -210.7 -30.56 -61.93 -168.6 -49.39 -125.2 -104.5
 -58.37 -221.5 -142.6 -157.9 -110 -35.78 -43.71 -121.9 -59.03 -100.9
 97.79 -21.37 -159.8 -168.5 -200.9 173.1 -219.8 -221 -269.7 -58.58
 3.441 95.26 -160.7 36.73 -156.4 -74.95 -101 23.16 -213.1 -285.9
 -186.4 -161.2 -202.8 -155.1 -124.8 -267.3 -420.1 -48.99 -240.6 -254.5
 -160.9 -247.3 -181.3 -79 -207.6 -322.8 -454.9 -58.5 -274.2 -194.1
 -123.1 -123.5 -108.9 36.11 -105.9 -184.7 -269.7 -165.9 54.36 -23.13
 -28.47 -66.78 -161.6 144.2 -108.1 -66.54 -109.5 -82.1 7.876 -43.18
 -73.37 -12.76 25.63 -1.43 -49.06 35.2 -38.5 -8.03 7.15 -19.14
 0 -11 11 0 0 0 0 0 -11 0
 18.16 -29.85 54.37 -20.96 15.51 -10.59 -33.39 -18.33 -43.74 7.232
 -36.41 -81.81 -155.7 -207.3 -60.41 66.06 -83.18 -121.5 44.88 -25.72
 -99.12 -172 -141.8 -325.1 -92.14 -40.31 -180.2 -149.4 -259.9 150.8
 -167.4 -287.4 -175.2 -421.6 -56.37 -7.411 -273.9 -175 -155.6 -106.8
 -129.9 -206.4 14.07 -363.3 -123.7 73.23 -158.6 -316.3 -231.8 91.46
 -50.45 -120.2 -106.1 -288.5 -220.5 108 -53.45 -434.2 17.31 -2.239
 -148.3 -52.57 -151.7 -108.5 -206.9 -17.2 -87.37 -352.3 -59.06 125.2
 -173.1 95.3 -215.5 21.65 -83.64 -306.8 -207.5 -123.1 -342.5 -46.48
 -164.4 -265.9 -173.5 -61.42 -150.8 -498.6 -524.4 -290.8 -161.3 -250.8
 -2.91 -196.7 -131.4 -145.7 -237.6 -235.3 -317.8 -156.9 -220.4 5.817
 82.17 -69.96 -121 90.34 -77.3 -232.4 -223.1 -61.62 41.45 -9.68
 117.7 -11.02 -25.95 50.77 -59.71 -169.7 -101.5 -38.72 -0.3113 -65.83
 55 0 -6.6 -4.4 0 -55 0 0 0 0
 0 -2.53 2.53 0 0 0 0 0 -2.53 0
 33.23 -54.88 -25.28 -143.6 12.79 44.26 -46.07 -32.77 -32.78 -50.23
 40.43 -63.47 -215.4 -157.4 58.45 -42.03 -1.104 -70.49 19.33 -30.21
 -7.876 -156.3 -267.8 -339.8 62.08 36.44 -77.15 -243.7 -180.3 122.8
 -170.9 -282.4 -420 -345.2 -20.31 14.79 -117.5 -292 -22.28 -43.71
 -33.25 -116.2 -162.1 -213.2 28.41 -41.44 -36.81 -390 -15.43 9.7
 -47.84 -115.4 -285.6 -76.1 -15.54 56.94 -143.5 -392.6 -167.2 91.74
 -269.7 -110.3 -236.6 -83.72 -150.5 -121.2 -279.3 -321.2 -174.3 -53.78
 -363.1 -191.6 -281.1 -101.2 -141.3 -272.3 -402.3 -178.9 -319.1 -116.3
 -249.6 -190 -161.7 -85.91 -105.2 -243.6 -419.9 -149.2 -205.3 -91.29
 -32.32 -80.84 -106.2 -24.69 -39.15 -165.3 -219.7 -92.51 -153 125.5
 68.77 -16.97 -84.04 58.91 14.33 -113.5 -201.8 -63.25 -91.3 -88.6
 57.45 -11 12.3 -28.6 -22.01 -86.48 -99 -11.01 -42.81 -22.03
 36.86 0 0 -1.65 0 -36.67 -0.374 0 -0.374 0
 22 0 -13.53 -2.53 5.06 -11 0 0 0 0
 63.14 -48.4 -110 -165 86.02 13.3 -17.93 -62.37 -110 -16.17
 38.03 -76.89 -228 -199.3 18.13 105.7 10.47 -83.06 -37.82 -91.89
 -71.52 -241.7 -325.1 -119.4 37.39 -11.41 -127.3 -273.2 -205.8 -106.3
 -102 -246.8 -404.8 -283.1 -32.67 70.22 -175.7 -329.2 -219.9 -158.2
 -142.4 -146.6 -380.1 -270.2 -156.5 46.95 -120.1 -489.5 -160 -132.4
 -326.1 -214.5 -299.1 -150.6 -201.1 -124.7 -395.3 -395.3 -47.44 -181.2
 -391.2 -116 -224.2 -179.4 -200.6 -256.9 -340.7 -300.1 -200.5 -250.2
 -302.1 -121.9 -375 -172.7 -142.5 -242.7 -278.5 -330.1 -60.74 -186.3
 -152.6 -177.1 -161 -63.7 -85.4 -184.4 -142 -75.07 -433.1 103.6
 -104.6 -91.52 10.19 -188.2 18.95 71.6 -164.2 41.7 -157.5 -68.33
 21.26 -44.32 -18.59 -14.33 -15.95 -139.6 -73.98 -55 -140.1 -79.53
 88.08 -11.06 -58.3 55.88 -24.91 -140.4 -86.59 -17.82 -54.27 -42.54
 -2.31 0 0 9.9 0 -5.06 -5.06 0 -5.06 0
 26.18 0 -22 -11 41.36 -22 6.82 0 0 -19.36
 128 -41.15 -112.3 -70.99 174.6 -104.8 16.41 -29.73 -97.77 -66.28
 36.34 -94.97 27.42 -97.29 62.4 -186.5 -45.76 -66.32 -219 -110.4
 -13.1 -147.9 -152.9 -155.7 -38.97 -119.7 -55.12 -231 -159.3 -113.3
 -72.93 -210 -125.4 -155.6 -30.99 -117.1 -66.22 -307.2 -39.1 -150.7
 -239 -111.2 -224.3 -66.47 -168.3 -197.7 -215.6 -366.7 -96.5 -166.4
 -351.2 -198 -238.8 -88.03 -161.8 -173.9 -341.8 -297.7 -55.33 -184.2
 -282 -120.4 -300.3 -115.3 -179.6 -169.3 -171.6 -53.93 -173.9 -196.4
 -201.6 -11.33 -222.6 -147.1 -70.44 -171.4 -129.3 -173.2 -160 -100.1
 -75.35 -125.7 -137.7 -117 -53.51 -98.56 -76.63 -79.71 -225.9 -78.89
 -66.44 -130.5 -101.2 -47.55 -61.33 -125.6 16.19 -73.04 -175.7 -113.1
 89.18 -63.69 -109.2 -41.14 -40.62 -105.9 -6.369 -64.64 -151.7 -100.1
 123.8 -10.01 -135.9 69.48 7.26 -144.4 -27.26 -16.83 -60.97 -44.66
 -44.44 0 -5.28 66 0 -5.28 -11 0 0 0
 46.01 -11.63 -43.05 6.479 0 -1.199 -0.847 0 -1.694 -0.847
 58.86 -79.05 -3.947 -42.76 12.13 -217 19.91 -50.06 -133.8 -112.2
 128.8 -67.49 24.99 -157.1 64.65 -302.1 -53.33 -59.05 -47.82 -16.34
 116 -144.1 1.155 -230.9 -9.207 -371.2 -1.144 -132.8 -20.64 -139.4
 -96.43 -57.44 -10.42 -274.1 -55.48 -284.1 25.8 -144.4 16.34 -116.9
 -157.9 -36.36 -61.19 -157 -65.24 -399.7 -165.8 -112.9 22.34 -225.9
 -296.5 -99.82 -63.01 -422.2 -58.23 -259.6 -186.1 -253.8 -25.44 -112.7
 -346.3 -145.9 -36.53 -324.1 -75.62 -132.3 -89.89 -89.42 -146.1 -149.6
 -307.7 -223.3 -39.45 -91.71 -158.7 -313.4 -31.49 -143.6 -32.7 -145.3
 -157.7 -201.4 -57.88 -38.91 -137.6 -114.9 -94.06 -102.5 0.2431 -295.7
 -11.78 -152.3 -223.2 -31.86 -51.86 -146.7 -3.871 -56.1 -155.5 -174.2
